survey.dat auto written
104
HERAS
1991 2025
1 1 0.625 0.625
2 6
1  	1864000  	1927000  	866000  	350000  	170000
1  	2092000  	1799000  	1593000  	556000  	339000
1  	2768000  	1274000  	598000  	434000  	230000
1  	413000  	935000  	501000  	239000  	282000
1  	1887000  	1022000  	1270000  	255000  	234000
1  	1005000  	247000  	141000  	119000  	70000
1  	715000  	787000  	166000  	67000  	226000
1  	1682000  	901000  	282000  	111000  	135000
1  	NA  	NA  	NA  	NA  	NA
1  	1891000  	674000  	364000  	186000  	73000
1  	641000  	452000  	153000  	96000  	73000
1  	1577000  	1393000  	524000  	88000  	75000
1  	1110000  	395000  	323000  	103000  	42000
1  	930000  	726000  	307000  	184000  	112000
1  	1342000  	464000  	201000  	103000  	142000
1  	2217000  	1780000  	490000  	180000  	37000
1  	3621000  	933000  	499000  	154000  	74000
1  	1160000  	843000  	333000  	274000  	265000
1  	398000  	205000  	161000  	82000  	190000
1  	511000  	254000  	115000  	65000  	86000
1  	473000  	259000  	163000  	70000  	121000
1  	1081000  	236000  	87000  	76000  	107000
1  	627000  	525000  	53000  	30000  	35000
1  	415000  	176000  	248000  	28000  	105000
1  	1244000  	446000  	224000  	171000  	286000
1  	255000  	381000  	99000  	40000  	80000
1  	424000  	661000  	401000  	94000  	197000
1  	224000  	271000  	175000  	169000  	129000
1  	591000  	315000  	109000  	67000  	84000
1  	274000  	225000  	180000  	74000  	187000
1  	245000  	275000  	203000  	52000  	110000
1  	246000  	129000  	124000  	1e+05  	131000
1  	98000  	133000  	76000  	42000  	68000
1  	258000  	29000  	43000  	35000  	47000
1  	279000  	248000  	40000  	30000  	99000
GERAS
1994 2025
1 1 0.8 0.8
1 3
1  	415730  	883810  	559720
1  	1675340  	328610  	357960
1  	1439460  	590010  	434090
1  	1955400  	738180  	394530
1  	801350  	678530  	394070
1  	1338710  	287240  	232510
1  	1429880  	453980  	328960
1  	1125716  	1226932  	844088
1  	837557  	421396  	575358
1  	1238480  	222530  	217270
1  	968860  	592360  	346230
1  	750199  	590756  	295659
1  	940892  	226959  	279618
1  	558851  	260402  	117412
1  	392737  	165347  	166301
1  	270959  	95866		43553
1	503233		356646		230452
1	1159485		394732		241956
1	736279		304558		204977
1	877245		488384		350324
1	547724		204726		237090
1	454883		745789		368303
1	478152		182570		205509
1	443974		141795		132709
1	430957		83649		41926
1	267277		181559		58078
1	217015		84464		64450
1	191573		289654		175688
1	143388		109795		41238
1	666159		120199		76325
1	175999		125341		33844
1	758001		182785		51494
N20
1992 2025
1 1 0.4 0.4
0 0
1  	28000
1  	1266000
1  	6475000
1  	2709000
1  	4790000
1  	2618000
1  	12730000
1  	13535000
1  	2061000
1  	2855000
1  	6799000
1  	2079000
1  	4429000
1  	2099000
1  	2376000
1  	995000
1  	941000
1  	3774000
1  	3751000
1  	1899000
1  	567000
1  	1963000
1  	299000
1  	1125000
1  	145000
1  	423000
1  	573000
1  	402000
1  	93000
1  	923000
1  	1659000
1  	553000
1  	1751000
1  	562000
IBTS/BITSQ1
2002 2025
1 1 0.136365 0.136365
3 5
1  	18425.42  	2916.203  	802.5178
1  	7006.36  	2805.071  	1245.591
1  	20452.97  	3503.786  	2621.325
1  	13017.53  	3354.362  	2834.493
1  	13343.99  	1974.659  	1584.863
1  	4946.115  	1592.292  	768.8734
1  	7624.97  	1527.617  	1632.848
1  	3507.62  	1099.766  	490.9955
1  	11862.97  	3616.565  	3181.821
1  	16204.19  	4209.051  	1881.074
1  	7677.642  	1753.652  	943.4245
1  	18472.81  	3004.248  	1219.51
1  	3464.662  	1756.276  	601.8562
1  	3300.521  	591.7134  	475.2782
1  	8746.985  	835.7104  	886.861
1  	11595.76  	2771.875  	1154.369
1  	4633.86  	1116.403  	991.2173
1  	7397.003  	904.0884  	491.8295
1  	5324.349  	1104.884  	712.5698
1  	7575.733  	1290.298  	885.3839
1  	4539.689  	760.6179  	626.966
1  	9629.749  	1153.218  	592.755
1  	10360.02  	2143.344  	481.1033
1  	21733.52  	1164.133  	501.5577
